HUMBERTO ANTONIO ZARATE DEL POZO
M     26     4     2014     14     21     7     15     48     1     29     4     2014     21     43     12     22     7     49     6     5     2014     8     49     55     9     29     10
VICTOR VILCARA CORREA
M     1     11     2013     14     34     5     14     53     23     17     11     2013     11     31     12     12     1     21     24     11     2013     8     8     10     9     19     28     25     11     2013     17     0     58     17     56     34     14     12     2013     11     35     31     11     51     48
HENRRY HUMBERTO PALOMARES VERA
M     25     4     2014     22     0     29     22     8     34     8     5     2014     19     16     19     19     34     59     2     6     2014     20     45     36     21     46     21     15     6     2014     12     18     43     13     2     36     19     6     2014     11     31     12     12     34     57     22     6     2014     9     14     24     10     34     35     8     7     2014     11     19     41     12     47     24
CINTHIA NORABUENA PRECIADO
F     5     5     2014     17     13     55     18     27     29     8     5     2014     9     36     0     10     27     36     27     5     2014     11     58     34     13     5     54     19     6     2014     15     15     50     16     4     27     7     7     2014     16     50     53     17     50     28     1     8     2014     15     44     38     16     59     36     14     8     2014     21     15     50     22     23     47     28     8     2014     9     14     24     9     34     34     14     9     2014     21     14     24     21     57     11
IRMA YDALI VALVERDE FLORES
F     4     1     2014     16     26     24     17     5     56     21     1     2014     20     2     24     21     0     41     22     1     2014     19     16     19     19     29     46     12     2     2014     12     28     48     12     51     50     26     2     2014     16     43     41     16     59     40     6     3     2014     19     59     31     20     29     46     15     3     2014     9     11     31     10     29     49     2     4     2014     12     47     31     13     19     46     16     4     2014     18     46     5     19     19     13     20     4     2014     18     2     53     18     14     57     9     5     2014     15     28     48     15     36     35     12     5     2014     11     35     31     12     11     52
SILVANA MALDONADO RAMIREZ
F     9     4     2014     17     54     14     18     12     39     4     5     2014     10     43     41     11     42     23     18     5     2014     13     4     48     13     19     35     31     5     2014     10     43     41     11     31     26     5     6     2014     19     53     46     21     14     59     17     6     2014     21     5     46     22     15     7     25     6     2014     18     57     36     19     16     36     6     7     2014     21     30     14     22     49     52     29     7     2014     9     2     53     9     46     25     8     8     2014     20     52     48     22     2     24
IRMA LOURDES CORRALES TSUKAZAN
F     26     4     2013     11     52     48     12     5     21     13     5     2013     13     35     2     14     33     0     19     5     2013     10     42     14     12     8     40     3     6     2013     10     1     55     10     7     36     19     6     2013     20     44     10     21     31     42     21     6     2013     12     59     2     14     6     59     27     6     2013     20     21     7     21     4     49     3     7     2013     16     17     46     16     55     24
RAFAEL IBEROS VALDERRAMA
M     26     2     2014     17     44     10     17     54     44     5     3     2014     19     55     12     20     53     48     11     3     2014     12     28     48     13     32     43     18     3     2014     16     4     48     17     31     8     5     4     2014     9     57     36     10     7     18
MADELEINE SUAREZ MUNOZ
F     30     7     2013     12     27     22     12     38     29
ALEX HENRY FALCON PRECIADO
M     6     4     2014     21     51     50     22     18     30
HENRY GONZALES ARIAS
M     27     10     2013     20     42     43     21     57     25     6     11     2013     18     11     31     19     16     31     26     11     2013     16     13     26     17     3     29     19     12     2013     12     46     5     13     16     19
MILENA JENNY MEDINA VELASQUEZ
F     21     6     2013     13     42     14     13     54     56     25     6     2013     21     31     41     21     56     47     17     7     2013     14     5     17     14     22     48     8     8     2013     14     41     17     16     6     41     16     8     2013     13     4     48     14     32     37     27     8     2013     12     40     19     12     54     11
ALBERTO PAIRAZAMAN DE LA CUBA
M     27     9     2013     11     21     7     11     29     18     4     10     2013     20     12     29     21     39     26     10     10     2013     20     31     12     21     22     24     3     11     2013     14     58     34     15     9     35     17     11     2013     20     55     41     21     42     47
GLORIA TATIANA ROMERO PALOMARES
F     2     2     2013     19     26     24     20     51     54     21     2     2013     8     11     2     8     59     23     25     2     2013     19     16     19     19     47     3     14     3     2013     8     32     38     8     39     55     26     3     2013     21     2     53     22     25     51     4     4     2013     20     25     26     21     41     14     14     4     2013     10     24     58     10     43     36     24     4     2013     14     29     46     15     13     24     12     5     2013     19     55     12     20     37     49     14     5     2013     15     10     5     15     56     33     5     6     2013     16     17     46     17     40     9     13     6     2013     13     37     55     13     56     29
GUILLERMO EDRIC CABRERA CANALES
M     20     12     2013     18     53     17     19     13     50     6     1     2014     18     27     22     19     29     16     29     1     2014     10     10     34     11     6     25     10     2     2014     10     50     53     11     41     3     17     2     2014     17     26     53     18     1     3     3     3     2014     11     41     17     12     50     49     18     3     2014     20     45     36     21     49     56
MELVIN HENRRY LAURA WONG
M     18     1     2013     11     35     31     12     14     21     27     1     2013     18     4     19     18     58     59     17     2     2013     18     44     38     19     14     35     7     3     2013     15     2     53     16     12     31     10     3     2013     17     32     38     17     43     52     26     3     2013     18     53     17     19     26     34     30     3     2013     13     12     0     14     18     56
JANET REBECA VEGA GARCIA
F     14     4     2014     17     22     34     17     37     0     3     5     2014     19     35     2     20     31     20     25     5     2014     9     34     34     10     47     10     1     6     2014     15     33     7     17     2     21     23     6     2014     15     43     12     17     8     5     3     7     2014     13     3     22     13     48     46     9     7     2014     11     51     22     12     3     35     3     8     2014     16     3     22     17     4     4     9     8     2014     19     16     19     19     30     7     31     8     2014     20     6     43     20     27     41     9     9     2014     21     56     10     22     30     41
SANDRO CARO POLO
M     19     1     2013     10     27     50     11     25     38     20     1     2013     17     29     46     18     33     8     7     2     2013     19     45     7     20     18     44     12     2     2013     10     0     29     10     18     30     14     2     2013     14     32     38     15     21     30     4     3     2013     9     21     36     10     43     55     7     3     2013     21     38     53     22     2     54
ALONSO FORZANI CARO
M     22     7     2013     19     23     31     19     35     32     1     8     2013     18     59     2     19     44     20     2     8     2013     21     56     10     23     11     59     25     8     2013     14     16     48     15     2     40     27     8     2013     8     45     36     8     55     23     28     8     2013     18     47     31     20     6     3     21     9     2013     10     3     22     10     34     9     15     10     2013     20     25     26     21     14     34     2     11     2013     9     27     22     10     15     45     23     11     2013     15     41     46     16     24     50     17     12     2013     19     33     36     20     34     10
MONICA DORIS CALIXTO TOMASICHE
F     14     4     2013     8     18     14     8     44     1     29     4     2013     21     0     0     22     12     31     17     5     2013     10     3     22     11     20     23
ADRIA GLORIA RAFFO CHUNG
F     1     1     2013     21     12     58     22     23     1     23     1     2013     8     15     22     9     39     32     7     2     2013     20     9     36     21     10     26     23     2     2013     10     22     5     10     40     32     6     3     2013     13     3     22     14     12     1     26     3     2013     14     21     7     15     19     5     18     4     2013     13     6     14     13     43     51     22     4     2013     13     29     17     14     18     39     11     5     2013     12     46     5     13     47     14     17     5     2013     8     31     12     9     49     44
EDRIC RONALD ARCA AMEZQUITA
M     8     1     2014     19     22     5     19     57     14     10     1     2014     8     42     43     9     57     10     16     1     2014     19     39     22     20     13     12     27     1     2014     10     29     17     11     26     43     29     1     2014     16     36     29     16     47     31     10     2     2014     21     56     10     22     15     41     5     3     2014     13     32     10     14     19     34     23     3     2014     11     2     24     12     29     55
MARIA HELI ARROYO GORDILLO
F     2     5     2013     13     0     29     14     3     38     11     5     2013     8     42     43     8     59     38     2     6     2013     15     27     22     15     55     50     3     6     2013     12     20     10     12     41     59     20     6     2013     21     7     12     21     45     22     21     6     2013     15     7     12     15     32     35     26     6     2013     20     55     41     21     32     1     13     7     2013     21     59     2     22     10     52     17     7     2013     13     0     29     13     51     52     26     7     2013     16     52     19     17     56     18     28     7     2013     18     15     50     19     15     51
TATIANA NANCY VILLA YALLICO
F     22     3     2013     20     9     36     21     15     50     26     3     2013     21     24     29     22     38     16     18     4     2013     11     19     41     12     6     56     27     4     2013     14     6     43     15     28     10     12     5     2013     16     7     41     17     0     40     6     6     2013     9     25     55     10     8     5     19     6     2013     18     40     19     19     5     12     20     6     2013     17     52     48     18     9     22     25     6     2013     14     49     55     15     51     9
CHRISTIAN PAREDES PATINO
M     26     5     2013     9     34     34     10     15     57     10     6     2013     17     57     7     19     4     51     22     6     2013     17     18     14     18     8     14     7     7     2013     20     51     22     21     0     9     17     7     2013     12     28     48     13     43     37     5     8     2013     19     36     29     20     55     42     26     8     2013     20     39     50     22     8     4
VALENTINA ROCIO AQUINO TORO
F     27     1     2014     13     33     36     14     8     5     4     2     2014     12     21     36     13     41     8     28     2     2014     16     43     41     17     59     9     23     3     2014     15     47     31     16     4     50     6     4     2014     9     15     50     10     1     16     29     4     2014     19     52     19     20     58     32     19     5     2014     13     22     5     14     31     44     9     6     2014     13     55     12     14     59     54
BLANCA MILAGROS MEJIA DIAZ
F     6     3     2014     17     16     48     18     8     29     17     3     2014     15     54     43     16     53     27     6     4     2014     9     38     53     10     48     29     23     4     2014     21     47     31     22     37     41     8     5     2014     14     12     29     14     30     12     2     6     2014     15     5     46     16     34     54     15     6     2014     19     30     43     20     26     12     1     7     2014     13     43     41     14     39     33     12     7     2014     16     50     53     17     18     16     19     7     2014     17     44     10     17     53     35
ROLANDO CASTRO SUAREZ
M     16     1     2014     9     44     38     10     48     35     30     1     2014     12     57     36     13     35     18     18     2     2014     12     14     24     12     20     29     25     2     2014     10     53     46     11     47     1     6     3     2014     10     52     19     12     11     41     8     3     2014     10     53     46     11     27     47     25     3     2014     13     12     0     14     34     40     15     4     2014     21     38     53     21     48     42     7     5     2014     21     4     19     22     21     3     23     5     2014     14     29     46     15     57     6
EDGARD HENRY VELASQUEZ HUAYANAY
M     8     1     2013     20     5     17     21     3     19     24     1     2013     14     34     5     14     48     9     3     2     2013     10     35     2     11     34     39     7     2     2013     15     40     19     17     5     31     23     2     2013     15     38     53     15     50     8     1     3     2013     14     19     41     15     38     7     8     3     2013     10     22     5     10     55     15     12     3     2013     19     17     46     20     19     50     2     4     2013     16     3     22     17     5     32
EVERT ROBERTO AMEZQUITA EPIQUEN
M     20     9     2013     14     24     0     14     53     22     4     10     2013     14     22     34     15     10     26     6     10     2013     13     55     12     14     14     58     30     10     2013     8     15     22     9     14     27     11     11     2013     21     57     36     22     10     45     17     11     2013     20     12     29     20     57     29
CESAR ADOLFO INGA FLORES
M     22     2     2014     17     47     2     18     26     32     11     3     2014     17     3     50     17     38     12     27     3     2014     12     2     53     13     20     7     11     4     2014     18     0     0     18     33     25     6     5     2014     19     4     48     19     44     0     22     5     2014     21     31     41     22     24     10     6     6     2014     21     4     19     21     20     52     25     6     2014     8     9     36     9     1     25     12     7     2014     12     28     48     12     34     9
CESAR BRUNO PISCOYA BRAVO
M     8     1     2013     13     46     34     14     34     14     23     1     2013     12     48     58     13     6     52     8     2     2013     18     15     50     18     40     9     19     2     2013     14     11     2     15     15     15     5     3     2013     10     33     36     10     49     41     16     3     2013     11     5     17     11     32     1     29     3     2013     17     24     0     17     52     56     30     3     2013     17     39     50     18     15     58     6     4     2013     15     34     34     16     3     20     21     4     2013     14     39     50     14     57     54
CARLOS JULIAN PRADO VERGEL
M     21     4     2013     20     32     38     21     1     7     7     5     2013     15     51     50     17     3     36     19     5     2013     8     26     53     9     7     20     22     5     2013     15     46     5     17     0     13     27     5     2013     16     27     50     16     47     40     20     6     2013     13     36     29     14     54     12     4     7     2013     19     59     31     20     37     56     28     7     2013     12     11     31     13     33     51     12     8     2013     15     38     53     16     4     14
ALEXANDER MARTIN BARRERA MIRANDA
M     28     1     2013     21     2     53     21     49     4
MARTHA LOZADA YINO
F     4     7     2013     15     30     14     16     50     5     16     7     2013     11     22     34     12     28     19     18     7     2013     10     32     10     11     42     43     27     7     2013     20     18     14     20     55     58     5     8     2013     19     59     31     20     52     16     22     8     2013     19     42     14     21     10     32     5     9     2013     15     59     2     17     18     18     17     9     2013     16     1     55     16     22     26
LORENA IRMA SALAZAR CORRALES
F     17     5     2013     18     28     48     19     17     17     18     5     2013     11     47     2     12     13     49     2     6     2013     18     33     7     19     20     46     20     6     2013     20     58     34     21     15     1     22     6     2013     17     29     46     17     57     41     1     7     2013     15     23     2     15     57     42     20     7     2013     20     18     14     20     27     37     8     8     2013     13     50     53     14     16     29     15     8     2013     18     14     24     19     0     0     7     9     2013     21     53     17     22     27     27     29     9     2013     14     47     2     15     15     20
VIRGINIA IRMA BENAVENTE AYALA
F     28     4     2013     10     40     48     11     53     33     14     5     2013     20     41     17     21     43     53     1     6     2013     15     57     36     16     11     12     7     6     2013     21     40     19     22     45     37     12     6     2013     21     41     46     22     16     44     29     6     2013     9     34     34     9     47     23
RAFAEL URBINA HIJAR
M     22     6     2013     9     7     12     9     19     14     8     7     2013     17     44     10     18     7     52
FELICITA VILLEGAS LEIVA
F     2     4     2013     12     7     12     12     16     35
SURAMI JANET PASQUEL QUIO
F     19     2     2013     13     7     41     14     8     38     25     2     2013     16     27     50     16     32     55     17     3     2013     17     38     24     18     24     19     9     4     2013     18     51     50     19     18     31     26     4     2013     8     9     36     9     30     10     21     5     2013     14     21     7     14     29     27     2     6     2013     17     42     43     17     56     13     26     6     2013     10     7     41     10     25     29
IRMA VIRGINIA DIAZ CORREA
F     2     12     2013     9     43     12     10     27     37     6     12     2013     16     30     43     16     47     26     31     12     2013     12     18     43     12     56     48     14     1     2014     20     3     50     20     53     58     5     2     2014     9     1     26     10     8     18     1     3     2014     16     12     0     17     37     55     5     3     2014     12     8     38     12     29     35     15     3     2014     14     19     41     15     19     48     17     3     2014     15     41     46     16     34     29     7     4     2014     19     6     14     20     20     0     14     4     2014     15     36     0     16     49     18     29     4     2014     16     40     48     17     52     10
MADELEINE YLIANA MIYAKE MEREL
F     3     1     2013     20     45     36     22     1     8     6     1     2013     12     50     24     13     12     18     23     1     2013     14     34     5     15     33     24     1     2     2013     17     19     41     18     22     30     23     2     2013     8     13     55     8     24     54     2     3     2013     18     59     2     19     8     59
RONY SEGURA MALCA
M     5     2     2014     9     25     55     10     23     3     19     2     2014     21     23     2     21     49     30
BEATRIZ ROSA PATINO CHUNG
F     27     4     2013     13     49     26     14     11     59     21     5     2013     15     34     34     16     36     28     29     5     2013     16     22     5     17     33     52
HELI URBINA CASTILLO
F     25     7     2013     18     47     31     19     3     36     18     8     2013     20     38     24     21     32     41
CARLOS ALBERTO BARRIOS TOMASICHE
M     26     2     2014     20     36     58     21     14     12     5     3     2014     9     50     24     10     5     53     25     3     2014     19     1     55     19     53     27     17     4     2014     16     22     5     16     34     23
ANNIE OFELIA ASMAD ACUNA
F     21     8     2013     14     0     58     14     19     33     26     8     2013     20     15     22     21     32     41     27     8     2013     20     28     19     20     54     3     5     9     2013     15     53     17     16     53     16     23     9     2013     14     3     50     15     6     15     15     10     2013     21     25     55     21     49     36
FRANCISCO EDGAR MEJIA DE LA HAZA
M     8     8     2013     14     52     48     15     36     7     22     8     2013     19     52     19     20     56     36     10     9     2013     12     59     2     13     54     44     12     9     2013     17     18     14     17     39     9     28     9     2013     10     50     53     11     53     9     7     10     2013     17     12     29     18     6     37     13     10     2013     13     52     19     14     16     18     14     10     2013     16     30     43     17     30     41
MADELEINE WONG MARTEL
F     22     4     2013     17     2     24     17     54     17     6     5     2013     16     22     5     17     21     7     29     5     2013     19     19     12     19     27     37     4     6     2013     17     44     10     18     19     13     24     6     2013     14     48     29     15     18     5     28     6     2013     18     51     50     19     36     10     3     7     2013     17     11     2     17     18     7     13     7     2013     10     1     55     10     45     46     15     7     2013     21     48     58     22     53     2     31     7     2013     14     35     31     15     12     46
ANGEL SHIRAKAWA ORTEGA
M     17     4     2014     19     23     31     20     4     57     26     4     2014     19     49     26     20     25     44     29     4     2014     12     17     17     13     39     9     24     5     2014     8     16     48     9     36     3     29     5     2014     21     36     0     22     42     52     18     6     2014     17     9     36     17     52     5     23     6     2014     13     12     0     13     29     18     14     7     2014     11     15     22     11     53     22     15     7     2014     8     42     43     9     37     33     18     7     2014     13     3     22     14     14     53
SURAMI ANNIE RAFFO ARIAS
M     8     10     2013     9     53     17     10     4     37     12     10     2013     18     2     53     18     51     49     17     10     2013     20     42     43     21     42     25     3     11     2013     18     27     22     18     47     11     11     11     2013     16     56     38     18     9     9     21     11     2013     14     11     2     15     18     7     15     12     2013     10     32     10     11     54     21     6     1     2014     9     56     10     10     17     52     29     1     2014     11     51     22     13     6     27     4     2     2014     21     31     41     22     42     11     13     2     2014     10     17     46     11     4     28     22     2     2014     18     28     48     19     44     46
MONICA TERESA LAU BACA
F     18     11     2013     17     24     0     18     43     51     28     11     2013     10     48     0     11     2     2
PAUL YOSHINARI RIVERA
M     7     10     2013     21     24     29     21     51     34     22     10     2013     18     57     36     19     5     1     30     10     2013     8     9     36     8     47     40     1     11     2013     16     49     26     17     36     39     22     11     2013     21     17     17     22     44     40     6     12     2013     8     42     43     9     37     42
MOISES MIGUEL PAIRAZAMAN ALAMO
M     29     7     2013     15     4     19     15     45     58     11     8     2013     8     2     24     8     42     59     18     8     2013     19     48     0     20     43     12     28     8     2013     8     15     22     8     42     2     31     8     2013     10     35     2     10     46     28     23     9     2013     12     37     26     13     19     43     1     10     2013     18     0     0     19     13     58     18     10     2013     15     40     19     16     15     27     30     10     2013     17     15     22     17     39     58
TERESA DELIA ANTEZANO SEGURA
F     21     2     2013     18     51     50     19     48     10     8     3     2013     21     37     26     22     53     55     29     3     2013     15     14     24     15     43     57
EDGAR RICHARD PRADO FALCON
M     24     8     2013     10     50     53     11     21     43     9     9     2013     19     30     43     20     19     50     20     9     2013     17     18     14     17     42     26     7     10     2013     14     52     48     15     10     27     21     10     2013     21     50     24     22     40     54     9     11     2013     20     22     34     21     13     51     25     11     2013     16     40     48     16     52     50     17     12     2013     9     11     31     9     26     53     20     12     2013     21     27     22     22     28     15     28     12     2013     19     58     5     20     51     33
ELIA ROSA CAMACHO AGUERO
F     30     4     2013     19     50     53     20     55     16     3     5     2013     12     37     26     14     4     9     20     5     2013     8     24     0     9     42     20     4     6     2013     19     50     53     21     2     19     11     6     2013     11     28     19     11     52     0     5     7     2013     8     52     48     9     21     15     19     7     2013     14     9     36     15     35     58
CARMELA INES CORTEZ SEGURA
F     16     7     2013     9     41     46     10     57     1     27     7     2013     20     15     22     20     48     5     10     8     2013     12     18     43     13     45     56     30     8     2013     17     13     55     18     0     9
OSCAR RETAMOSO BARRERA
M     3     2     2013     15     50     24     17     1     53     24     2     2013     15     30     14     16     32     14     10     3     2013     11     55     41     12     32     40     22     3     2013     14     12     29     15     25     24
WALDEMAR EDGARD DURAND MEZA
M     31     12     2013     21     53     17     22     15     17
ANNIE LOURDES MEREL SALAZAR
F     23     1     2013     16     22     5     17     31     50     2     2     2013     13     45     7     15     5     24
DORIS FREYSA VILLEGAS PALOMINO
F     20     1     2013     9     27     22     10     48     31     27     1     2013     16     58     5     17     28     32     20     2     2013     20     18     14     21     29     26     21     2     2013     13     55     12     14     12     34
MADELEINE SHIRAKAWA MIRANDA
F     3     2     2014     11     44     10     11     58     41     11     2     2014     20     44     10     21     58     7     4     3     2014     21     10     5     21     24     15     23     3     2014     19     3     22     20     21     32     15     4     2014     10     37     55     11     20     14     8     5     2014     21     48     58     22     36     36     23     5     2014     11     36     58     11     47     33     24     5     2014     20     54     14     21     13     58     29     5     2014     7     59     31     9     3     20     20     6     2014     9     30     14     10     56     38     27     6     2014     14     48     29     15     23     19
ELIZABETH KARIN FARFAN FALCON
F     29     3     2013     18     59     2     19     59     13     4     4     2013     11     21     7     11     31     7
JAVIER DANIEL AURIS ZIMIC
M     26     6     2013     11     45     36     12     32     49     17     7     2013     18     47     31     19     6     25     31     7     2013     14     55     41     15     55     10     13     8     2013     21     27     22     22     43     50     6     9     2013     13     49     26     14     40     21     26     9     2013     16     9     7     16     50     58     18     10     2013     17     12     29     18     26     44     12     11     2013     14     52     48     16     18     18
CHRISTIAN LANDA PISCOYA
M     4     8     2013     13     56     38     14     23     48     10     8     2013     8     41     17     9     14     47     25     8     2013     16     20     38     17     1     16     9     9     2013     17     38     24     18     40     18     11     9     2013     10     37     55     10     52     55     26     9     2013     10     58     5     11     51     17
YDALI FLORIAN MORALES
F     27     2     2013     17     5     17     17     39     3     10     3     2013     20     34     5     21     29     30     21     3     2013     21     30     14     22     28     34     2     4     2013     16     9     7     16     22     10
DANIEL SALAS AGUERO
M     31     3     2013     18     36     0     19     30     42     18     4     2013     21     10     5     22     7     20     29     4     2013     17     15     22     18     36     18     4     5     2013     15     21     36     15     57     19     12     5     2013     17     3     50     18     20     12     30     5     2013     9     10     5     9     15     25     19     6     2013     11     45     36     12     18     45     30     6     2013     12     37     26     13     56     6
ANTONIO SUELDO RUIZ
M     13     11     2013     9     36     0     9     59     7     8     12     2013     21     17     17     21     51     27
GUILLERMO CALDERON ORTEGA
M     16     7     2013     15     36     0     16     30     1     20     7     2013     12     36     0     13     51     14     25     7     2013     15     31     41     16     15     1     9     8     2013     9     50     24     10     31     23     22     8     2013     9     4     19     9     33     14
ALEX HENRIQUEZ PORTUGAL
M     8     10     2013     18     2     53     19     6     31     23     10     2013     13     20     38     14     31     53     13     11     2013     17     45     36     18     4     24     24     11     2013     18     44     38     20     9     3     29     11     2013     14     45     36     15     20     1
WILLIAMS CHRISTIAN HIJAR YEP
M     30     5     2013     8     45     36     9     58     37     3     6     2013     21     27     22     21     49     0     9     6     2013     18     48     58     19     42     0     20     6     2013     14     31     12     15     4     15     10     7     2013     20     19     41     21     30     25
FIORELLA MARGOT CERNA PAIRAZAMAN
F     11     10     2013     13     58     5     14     53     34     27     10     2013     9     50     24     10     28     5     18     11     2013     13     14     53     13     54     54     27     11     2013     21     38     53     22     36     56     2     12     2013     18     50     24     19     20     47     3     12     2013     14     6     43     15     33     23     9     12     2013     18     2     53     19     15     26     11     12     2013     14     49     55     15     9     18     19     12     2013     13     30     43     13     57     23     23     12     2013     19     53     46     20     54     57     29     12     2013     8     48     29     9     15     56
SHIRLEY ISABEL CABRERA LUNA
F     26     7     2013     10     55     12     11     16     34     13     8     2013     9     30     14     10     24     15     26     8     2013     17     49     55     18     2     28     29     8     2013     15     30     14     16     18     19     11     9     2013     21     12     58     21     26     44     6     10     2013     13     1     55     13     52     8     18     10     2013     14     57     7     15     50     40     31     10     2013     9     48     58     10     18     45     25     11     2013     10     23     31     11     33     54     2     12     2013     13     46     34     14     41     15     24     12     2013     10     50     53     11     26     22     4     1     2014     12     28     48     13     41     3
MARTIN CERNA DURAND
M     20     5     2013     9     51     50     10     55     16     24     5     2013     10     4     48     10     10     2     2     6     2013     9     17     17     9     26     12     27     6     2013     14     26     53     15     17     46     9     7     2013     10     55     12     11     13     57     15     7     2013     13     42     14     13     54     26     22     7     2013     8     13     55     9     17     28     1     8     2013     17     21     7     17     40     44
LUCERO DELICIA DE LA CUBA JUGO
F     31     7     2013     12     57     36     13     4     21
JOHANA YDALI CRUZ FUENTES
F     16     11     2013     17     42     43     18     14     32     5     12     2013     12     34     34     13     22     0     9     12     2013     16     48     0     18     15     51     23     12     2013     9     54     43     10     32     23     4     1     2014     17     54     14     19     14     29     10     1     2014     14     47     2     16     10     30
JOHANA GLORIA PORTUGAL BENAVENTE
F     26     9     2013     11     28     19     11     41     2     6     10     2013     19     48     0     20     14     19     11     10     2013     16     46     34     17     26     9     27     10     2013     20     5     17     21     0     19     14     11     2013     19     7     41     20     17     9     29     11     2013     19     4     48     20     23     21     19     12     2013     16     32     10     17     44     18
ALVARO CHUNG LEE
M     3     10     2013     17     15     22     18     17     28     26     10     2013     17     26     53     18     23     21     17     11     2013     19     17     46     19     26     45     2     12     2013     11     52     48     13     20     49     19     12     2013     14     11     2     15     0     29     4     1     2014     14     19     41     15     24     41     20     1     2014     18     51     50     19     58     45     23     1     2014     9     17     17     9     57     1     14     2     2014     19     13     26     19     47     33     17     2     2014     16     45     7     18     4     39     12     3     2014     9     11     31     10     34     53     15     3     2014     9     41     46     10     11     40
JOSE ROLANDO CERNA HIJAR
M     24     11     2013     17     18     14     17     39     27     3     12     2013     21     20     10     21     50     7     15     12     2013     21     44     38     22     17     24     24     12     2013     17     13     55     18     4     9     16     1     2014     9     7     12     10     4     50     6     2     2014     10     3     22     10     38     4     21     2     2014     15     23     2     16     11     36     17     3     2014     21     2     53     21     24     1     30     3     2014     12     51     50     14     5     8
EDWARD REYES TANG
M     20     6     2013     20     57     7     21     3     32     10     7     2013     16     33     36     16     40     1     3     8     2013     17     38     24     17     54     38     10     8     2013     17     52     48     18     44     28     30     8     2013     18     30     14     19     25     15     20     9     2013     17     6     43     18     26     52     11     10     2013     17     6     43     18     17     28     4     11     2013     8     38     24     9     20     39     17     11     2013     21     20     10     21     26     56     24     11     2013     11     26     53     12     42     29     9     12     2013     7     59     31     8     6     39
EMILIO HERNANDEZ BARRIOS
M     2     9     2013     17     28     19     18     19     14     20     9     2013     13     52     19     14     2     3     30     9     2013     8     58     34     10     15     44     7     10     2013     11     48     29     12     41     42     24     10     2013     8     19     41     8     50     54     29     10     2013     17     24     0     18     11     1     22     11     2013     19     53     46     21     9     3     14     12     2013     18     46     5     19     7     1     18     12     2013     15     27     22     16     11     26     6     1     2014     17     3     50     17     53     11     28     1     2014     17     2     24     17     51     16
WALTER EDGAR DIAZ REYES
M     12     4     2013     16     36     29     17     34     45     26     4     2013     20     29     46     21     25     47
CAROLA ERIKA RUIZ GORDILLO
F     27     12     2013     21     41     46     21     58     30     18     1     2014     18     50     24     20     13     35     29     1     2014     21     34     34     21     58     18
JENNY DELICIA HIJAR PAIRAZAMAN
F     3     6     2013     13     45     7     15     7     29     27     6     2013     13     46     34     14     39     12     13     7     2013     17     47     2     18     37     15
JOHAN CORONADO FIGUEROA
M     29     12     2013     11     31     12     12     1     57     5     1     2014     13     42     14     14     36     1     26     1     2014     9     7     12     10     1     21
HELI CORONEL CHUMPITAZ
F     16     2     2014     16     16     19     17     9     20     24     2     2014     9     5     46     9     43     19     2     3     2014     11     34     5     12     10     47     23     3     2014     13     43     41     14     31     0     8     4     2014     12     28     48     12     44     19     2     5     2014     12     59     2     14     1     51     6     5     2014     16     19     12     16     41     24
MIGUEL CORREA VIZCARDO
M     9     1     2014     12     21     36     13     11     35     22     1     2014     11     15     22     12     11     6     8     2     2014     18     51     50     19     56     17     5     3     2014     10     30     43     10     40     29     15     3     2014     12     47     31     13     37     15     17     3     2014     13     7     41     14     26     22
GUILLERMO ALFONSO DELGADO GONZALES
M     2     4     2014     21     50     24     22     59     23     10     4     2014     18     10     5     18     35     57     12     4     2014     18     8     38     19     9     20     21     4     2014     18     7     12     19     20     20     9     5     2014     19     40     48     21     0     48     16     5     2014     14     32     38     15     11     37     30     5     2014     12     0     0     13     27     23     14     6     2014     19     58     5     20     59     36     2     7     2014     12     34     34     13     31     51     5     7     2014     13     6     14     13     31     28
ROSA SANTISTEBAN MEZA
F     5     5     2013     17     18     14     17     50     57     26     5     2013     20     39     50     21     3     2     1     6     2013     19     39     22     21     2     18     10     6     2013     21     14     24     22     9     59     13     6     2013     15     20     10     15     36     11     4     7     2013     14     38     24     15     36     52     14     7     2013     20     57     7     22     16     6     31     7     2013     15     37     26     16     19     41     2     8     2013     21     10     5     21     15     47     26     8     2013     12     23     2     13     12     51     4     9     2013     17     52     48     18     1     9     15     9     2013     21     36     0     21     49     35
ROCIO YOLANDA ACUNA YINO
F     12     2     2013     11     38     24     12     15     3     18     2     2013     21     11     31     21     33     19     19     2     2013     14     49     55     15     18     48     11     3     2013     8     0     58     9     18     34
RONY GONZALO VALVERDE BERROCAL
M     12     1     2013     10     0     29     10     19     52     13     1     2013     19     17     46     20     7     1     20     1     2013     15     31     41     16     49     0     14     2     2013     15     57     36     16     29     32     4     3     2013     18     4     19     19     5     34
ERICKA VICTORIA JUSTINO FORZANI
F     16     10     2013     15     23     2     15     43     5     22     10     2013     16     7     41     17     11     23     13     11     2013     15     10     5     15     34     53     3     12     2013     17     24     0     18     52     50     13     12     2013     13     58     5     15     16     2     22     12     2013     10     50     53     12     9     38     27     12     2013     21     0     0     21     34     43     20     1     2014     14     18     14     15     5     55     14     2     2014     12     18     43     13     0     2
YVONNE ROSARIO GORDILLO YINO
F     17     4     2014     16     9     7     17     36     3     19     4     2014     14     58     34     15     9     10     4     5     2014     18     54     43     20     10     8     27     5     2014     14     58     34     15     33     5     11     6     2014     19     59     31     20     51     59
ROSARIO MENDOZA EGUSQUIZA
F     29     5     2013     11     6     43     12     20     26     10     6     2013     19     9     7     19     56     38     2     7     2013     19     56     38     20     55     27     24     7     2013     10     26     24     10     50     34     31     7     2013     20     3     50     20     32     11     15     8     2013     13     30     43     14     5     19     8     9     2013     15     54     43     17     3     58     3     10     2013     18     18     43     19     8     14     21     10     2013     12     8     38     12     57     6     13     11     2013     10     33     36     11     8     46     26     11     2013     21     30     14     22     27     58
MAGALI SILVANA DIAZ ANTEZANO
F     23     12     2013     11     58     34     13     12     13     25     12     2013     8     54     14     9     9     35     12     1     2014     18     41     46     19     7     12     28     1     2014     13     14     53     13     37     37     6     2     2014     13     59     31     14     42     24     1     3     2014     11     21     7     12     3     48     17     3     2014     12     1     26     13     15     16     18     3     2014     20     35     31     22     4     49     30     3     2014     8     57     7     10     3     29     17     4     2014     17     11     2     17     55     12
BEATRIZ HENRIQUEZ ESPINO
F     3     3     2014     17     11     2     18     10     34     18     3     2014     21     4     19     21     25     48     20     3     2014     12     2     53     12     39     1     27     3     2014     19     13     26     19     48     49     21     4     2014     13     27     50     14     27     37     27     4     2014     21     21     36     22     43     24     28     4     2014     19     58     5     21     22     37
JOHANA MALDONADO FLORIAN
F     18     7     2013     11     52     48     12     35     16     11     8     2013     15     53     17     16     57     21     15     8     2013     14     55     41     15     2     32     7     9     2013     13     43     41     14     15     54
GONZALO VEGA MUNOZ
M     1     4     2014     13     59     31     14     41     49     25     4     2014     19     0     29     19     39     41     20     5     2014     17     42     43     18     26     0
CESAR WILVER ASTETE RIOS
M     5     9     2013     10     37     55     11     16     54     13     9     2013     11     22     34     12     24     8
CHRISTIAN ALONSO MEJIA HUAYANAY
M     2     11     2013     19     30     43     20     11     39     18     11     2013     18     0     0     18     55     32     12     12     2013     19     43     41     20     58     29     16     12     2013     15     18     43     16     17     4
WILLIAMS JUSTINO CRUZ
M     28     3     2014     21     23     2     22     34     11     18     4     2014     10     56     38     11     41     19     26     4     2014     20     39     50     21     7     57     19     5     2014     17     6     43     18     35     36     26     5     2014     8     49     55     9     49     23     10     6     2014     13     39     22     13     55     10     5     7     2014     10     17     46     10     23     43
RONAL CHUMPITAZ IBEROS
M     15     2     2013     8     18     14     9     22     35     27     2     2013     10     50     53     11     4     7     1     3     2013     9     1     26     9     39     46     12     3     2013     8     39     50     9     1     43     16     3     2013     13     23     31     13     52     48     21     3     2013     20     57     7     21     45     27     5     4     2013     14     21     7     15     44     2     6     4     2013     17     29     46     18     20     0     14     4     2013     11     21     7     11     27     54     28     4     2013     14     51     22     15     42     49     14     5     2013     17     26     53     18     29     28     4     6     2013     10     40     48     11     48     36
JOHNNY MOYA ARANDA
M     6     2     2013     11     38     24     12     3     57     7     2     2013     16     35     2     17     43     48     10     2     2013     20     6     43     21     35     13     25     2     2013     16     55     12     17     15     47
MAGDA CARMEN SALAS URBINA
F     14     9     2013     11     8     10     12     30     56
ADOLFO LANDEO SUELDO
M     3     1     2013     13     17     46     14     27     44     16     1     2013     9     30     14     9     41     35     21     1     2013     13     19     12     13     26     56     27     1     2013     16     53     46     17     0     27     7     2     2013     13     46     34     14     26     29     27     2     2013     20     6     43     20     38     37     15     3     2013     10     24     58     10     42     48
EDGAR JAVIER SUCHERO EPIQUEN
M     10     3     2014     14     15     22     14     56     23     23     3     2014     8     47     2     9     21     3
ELIZABETH ELIZABETH FERNANDEZ ORTEGA
F     10     2     2014     19     4     48     20     21     28     7     3     2014     19     52     19     20     7     13     27     3     2014     9     56     10     10     11     38     7     4     2014     10     53     46     12     12     25     21     4     2014     12     30     14     13     36     37     7     5     2014     9     1     26     9     59     21     23     5     2014     14     41     17     15     45     20     5     6     2014     21     48     58     23     15     22     13     6     2014     15     18     43     16     39     45
BRUNO ROBERTO MARTEL ASMAD
M     4     10     2013     8     8     10     9     8     45     23     10     2013     10     12     0     10     23     17     27     10     2013     11     41     17     12     13     50     15     11     2013     15     38     53     16     11     8     8     12     2013     21     23     2     21     32     20
RAFAEL SUAREZ BOLANOS
M     23     8     2013     9     24     29     10     20     3     5     9     2013     7     59     31     8     20     41     23     9     2013     19     14     53     19     53     45     28     9     2013     21     24     29     22     32     55     21     10     2013     16     30     43     17     10     19
RICHARD SANDRO PEREZ FARFAN
M     4     12     2013     13     35     2     13     50     41     7     12     2013     9     12     58     9     29     18     8     12     2013     8     31     12     9     11     35     9     12     2013     9     37     26     10     39     39     31     12     2013     9     1     26     9     7     38     9     1     2014     14     6     43     14     29     30     2     2     2014     10     53     46     11     49     47     3     2     2014     9     11     31     9     23     13     5     2     2014     17     11     2     18     19     30     2     3     2014     17     49     55     18     53     52     9     3     2014     19     10     34     20     19     49     21     3     2014     19     17     46     20     16     52
INES MARTHA MORALES VALVERDE
F     4     3     2014     14     16     48     15     1     2     21     3     2014     8     25     26     8     47     6     29     3     2014     16     40     48     16     56     3     18     4     2014     20     36     58     21     32     44     20     4     2014     10     59     31     12     26     24     11     5     2014     13     22     5     14     36     4     12     5     2014     9     27     22     10     26     40     31     5     2014     15     34     34     15     43     6
SHIRLEY PINTO CALIXTO
F     29     3     2014     8     45     36     9     43     9     20     4     2014     8     48     29     9     26     25     25     4     2014     19     4     48     19     24     32     26     4     2014     13     3     22     13     22     1     10     5     2014     16     50     53     18     13     30     3     6     2014     17     12     29     17     37     27     24     6     2014     9     25     55     10     12     19     8     7     2014     15     30     14     16     25     36     11     7     2014     10     16     19     10     24     32     16     7     2014     18     46     5     19     32     26     29     7     2014     19     36     29     20     28     58     22     8     2014     19     30     43     20     31     32
ALEX MARTIN VASQUEZ PAZ
M     16     12     2013     10     22     5     11     3     11     23     12     2013     8     54     14     9     51     43     5     1     2014     19     0     29     19     33     31     28     1     2014     17     0     58     17     51     53     22     2     2014     11     38     24     11     54     7     19     3     2014     17     6     43     17     59     26     9     4     2014     15     23     2     16     13     16     30     4     2014     10     17     46     11     18     51     24     5     2014     18     12     58     19     15     23
SILVANA CHAVEZ PRADO
F     25     12     2013     12     44     38     13     21     49     11     1     2014     18     24     29     19     38     13     16     1     2014     9     50     24     10     21     11     25     1     2014     21     0     0     21     37     17     2     2     2014     8     44     10     9     22     45     25     2     2014     10     42     14     11     47     39
MIGUEL ROBERTO ALAMO PAIRAZAMAN
M     3     5     2014     10     55     12     11     9     36     12     5     2014     16     7     41     16     58     25     16     5     2014     16     27     50     17     27     52
RONALD JOHNNY GAVIDIA MENDOZA
M     20     1     2013     11     57     7     12     21     19     31     1     2013     15     28     48     15     45     0     19     2     2013     20     5     17     20     26     28