11367      969545      6600514      5      24      4104735      444      94672
1158105      90329      727343      48420      75516      9378014222      35253453
6502691      7348579      6      20      161      8523088534
87914276      35105653      7      206550      41259870      487      822218      4
2309096      9301896259      971230      2612568727      6953      88      344
67      3407122875      5900      871799      240157      97874      7394      6      1668
8982175486      30365      856      969      69174      44803      7168      9796
822027757      50039929      7983      85      5802127      5622758656      654075      772      4721
660147      1727540927      7500      283      5412706      269319      99429      5205
17286      490      82093      69      58690382      6      836519      719
27798      78      90513952      5722      7623      564      54027537      6      2      46869
923462      5      8      4955      4348      5      7      51228211
943      167536      5      4355      786568      302772418      6842078862      152066      812      6
9005826026      665141      7850653736      32898      3971878814      3      743789      9053344      265      4045988      29830504      4405453      85520
963      1102038      69      4      6037035      797      2092898191      1
4      12      35015      1156848      17      27783346      19      4683607      456      8352208      2      2856      4925047
780265      7069373998      352629      54      116      6534      1394394113      444
3658      595652225      7      8760      39148837      3507092      7180      87969264      292
6563576      8      8295740      82535      76      749587      611514      14551      2943      2870      3386922073
8588806680      6016134202      22      431      8685230      3860281      8881993
3      7936633333      28075273      8816514911      4816      4343817      34754708      643      29557      2
403485      590892      2582631176      10
636933      69353      8      8      69      8592995163      83939296      74
67680580      211824      863      703      5101186559      64345004      3805671      9260
5994876778      89754      5906      67737      38      2635499
93865495      297487      2      91443      5697039      38      657      6018
74294318      63347      847      58229187      1      5233264      12128      2448
18      248      523      336488      479998      17      49      909      9090025      6438472473      9
343240      66270048      2      84249      6888668558      45      31985      998      1159921
326      4      5382413722      34683426      51652      1932344645      689284      2157378
6727922      2424949      9802163      8575746      55838      94416248      91      35053719      336      4010      66127      93      708
9      3      88      11724      393318      967      7232334856      41
8630833      986      4966269      17      57      88779709      11      1274276
48155759      431354      6185      8
2142854      659      51568      3080      6      6353      29859      8572106      9      3741406336
657225669      6338112      264      21613738      2      5
6661      7      396113      1344261      92105      7      38      56780998      4472711      7      378106      2300197      3
34      575      273      300      8406      642      5416
653      77714      85      6563890411      3705      200674      5      73064
4280      203      12977341      5786151319      779      7287143471      26675889      17      43329      86
325041      4      6759      2841      61      4      67194138      2277543959
914      8693423      56451523      45      4080237416      2358      74009891      9815
4560246655      7308208905      3      8821      91000106      508059      83562526
59      13629      3435790983      145277      1126566      13      974860      2874377184
4497      339      53887      60      483      6570796622      2201867      9
295942      8272210559      9267432      6      1693207      18061157      7410394      7721370      10319075      827855      2
37222      30280      73      9880576601      64173939      5      4589      91807103      5047932      713
97      77014860      715340      17
75564      84      407339      2627335020
3      466      21343102      7321033      413080      419      43808952      9
80      51      2101372666      9      8      7635      41784      7      90898      54372835
87      78837      6971      2940144609      44676      2867688      299565
58628      275      7384872004      7      1599      574      43305
94      413      15      615      309827      5261      20470      788

