703519            9
147917           57
767925           69
898006          109
181575            7
231958           58
865450           32
836319            0
383046           34
461089           53
860677           86
375755           80
160432            5
865896           88
835242           89
667210           46
764029           30
391315           36
600754            3
215839          117
527033           94
465492           99
146168           89
961423            5
145281          118
245621           97
115340           95
381239          116
725215           29
113777           45
991483           68
113017           32
170400          114
955895          119
685016           74
294990           53
585614           66
305514           96
753850          109
831237           68
855766           76
423818           58
152164           97
919626           45
522048           95
249015           77
692429           36
980732            1
262840           59
981528           91
223402           68
203580           47
951911           73
240470           29
987549           32
972243           58
446247           58
526833          102
543902           54
249901           70
136525           78
949875           59
644797           81
480404           36
503577           56
404175           97
663586           52
280253           40
987655           40
199951           94
701044          103
149792           52
547673           23
823465          102
113212           42
508364           31
352743           54
586077           36
383110           38
710879           41
213718          102
852366          106
973182            0
120779           36
450607           67
708678           86
912986          109
203484           86
695116           57
468560           78
379220           46
996518          112
606406           96
654696           27
776305           43
226361           24
702149          110
678070          103
168856           58
454687           83
687554           42
732312           52
612613           85
752663           93
387200          107
674198           87
920857          100
619690           34
855582           28
749271           59
889594           54
337110           56
407424           80
224399           73
147944           91
884463           68
142053            6
353857           78
448068           47
695597           62
985869           47
332659           83
160607           23
722370          110
507633           86
320223           43
588034           63
431353           53
578079           49
867317           91
115657           77
509802           78
447918           85
825701           28
504552           94
385055           38
269334           14
416945           47
694532           97
446777           70
170867           34
948901           79
823675           36
872605           61
479664            2
516653           98
558293           75
523750           10
