60509          21
73972          55
94429          17
43709          42
82469          14
93578          44
26484          50
95196          21
65667          27
94415          10
11370          32
49644          41
76238          22
76596          11
48244          24
34070          20
70226          18
30220          39
88681          49
40645          27
77358          57
41995          53
90198          28
77466          46
61508          23
22842          13
53166          35
54692          55
85865          31
16055          41
22553          53
31311          55
43633          30
31389          33
79996          27
48039          38
16299          50
26506          16
89325          32
55701          39
16681          48
27016          23
85325          17
30428          23
15098          37
42861          38
13364          47
86451          59
32486          13
77203          43
30007          21
65536          34
84771          58
81695          29
49756          25
58200          57
89839          56
53084          21
61039          14
36822          14
24522          24
37007          21
17845          19
19397          51
45814          50
49157          47
72939          56
26920          29
31883          17
64347          31
30430          26
38648          48
59121          59
41379          60
42053          56
16359          14
17645          12
33276          52
98679          18
86828          41
95540          35
94459          25
60888          12
26754          52
79189          47
81333          24
33311          48
62302          55
72495          32
16813          16
36711          56
55021          51
34080          40
36622          21
72969          54
40997          26
67415          24
70024          52
22232          13
33390          45
58252          22
86476          44
96881          10
79851          19
30796          44
73174          10
76360          33
52072          44
68539          44
14075          38
53200          60
92628          34
47734          41
46919          30
57505          54
34027          24
96031          17
42856          53
48557          56
65985          36
41403          15
24733          30
31189          30
28219          53
28409          56
80830          41
84766          26
97465          10
30690          32
25684          22
84555          45
72061          57
55439          25
92517          17
37549          16
43222          41
92560          38
81821          34
51148          16
39088          11
74680          26
85641          20
27447          45
61295          54
44253          60
57036          28
22306          54
53846          27
63555          31
70303          25
36649          57
96554          16
86681          17
44215          51
62008          46
68610          34
55813          29
50450          38
67784          34
82528          28
28892          13
86158          36
77534          19
81960          30
60086          32
70225          21
83801          21
83510          44
11592          52
47697          38
59395          46
60685          17
58259          44
17790          17
34066          47
70113          46
14962          35
91282          17
76247          46
12388          23
80839          25
70807          57
70950          55
88994          49
90300          46
26360          22
46000          58
61211          59
89528          11
58036          57
39779          52
91653          29
49685          46
36208          10
30228          19
33200          23
18672          29
17804          53
68346          46
75565          50
57269          39
28992          35
70116          28
68730          22
88266          10
98261          18
40862          13
68860          49
39172          56
74924          43
81062          15
