3160434          24
5373115          18
3732644          21
5863193           9
1520309          22
7834982          21
9754827           8
2122845          15
8694258          13
1243590          11
6290040          11
8336452           5
4469580          21
2950607          17
7300476          21
3316530          16
6793955          18
9732818           0
6974361           1
9620449           7
4779353          16
6127500           4
3656863          22
8008043          21
2812868           6
7231772           7
2237756          16
6632617           7
7434903          17
6798438           3
9272370           9
3017996          19
3707286          12
7955991           1
6125136          22
8742283           6
4068503          21
4507510          17
2410338          17
5256205           5
7478957          19
8411420           3
5767505           7
1164620          13
5917521          19
8666529          19
7196489          16
4995581          20
8708601          23
9158323          19
7294139           9
1113669           2
8757609          12
9141279           4
6355459          22
6650577           0
7978867          16
8982028           5
1257139           5
1515580          10
1514310          21
2056726          22
1941510           3
2967729           3
4194362          14
6606354          19
6599310          20
2928672           5
8396560           4
2274789           6
2057488           0
8122608           7
7728141          15
3887384          18
4444793           1
6518013           1
1170875          13
5513176          18
1718952          25
5512261           0
7871231          22
9943827          20
8460290           5
7040082           3
1777018           2
6757373          25
4204462          23
5071383           1
1395180           2
9772855           6
8109935          13
6080614          21
8226898          23
7031039          16
5036411           9
2112387           9
6702432          14
8986346          17
7824299           9
1592454          18
9502591           3
4458018          17
7379607          25
8462761          16
7433036          17
2295884           4
8112295          17
7459718           1
4130226          14
4066034          19
6944384          12
5730580           0
9276288           7
5378420           7
5295503          18
3388853          17
7066269           9
6372640          12
6816719           2
3144123           7
3695915           4
7176045          18
9976345           1
5787332           3
4789109           9
5589442          10
4191525          11
8314433          10
6005732          11
2825662           2
7088125           6
5024008           9
8180049          25
7072969           0
2381038          20
8076172           4
3091958          21
9575885          22
7371017          14
2650119          13
2352558           3
2384285           4
1365331           6
4919718           2
9099837          25
3401627          19
8563181           0
8925815           9
7168701           4
4939021           9
9947693          19
8814293           9
8794314          22
7849029           4
2302661          20
2475492          25
7392273           7
8220735          23
5409631          24
4149027           2
3763060          18
3956122          23
1445254          19
2180251          23
3045576           1
1870413          15
4827968          23
